4.107009273040028718e-01
3.837811289218069355e-01
3.722078441164813900e-01
2.828353775708596918e-01
4.100180313346391547e-01
1.084319557410255430e-01
6.374900827675827886e-02
-1.431026723585787294e-02
-1.452278832758936711e-01
2.456954090742887453e-01
5.747750829802099337e-02
3.087293175319345828e-02
-2.073988347200653171e-02
-1.417228016618853337e-01
-1.199737655253781538e-01
-1.564231723321814482e-01
-8.476234890092432250e-02
-5.773409589405732040e-02
-8.209960923556045009e-02
-1.041689718719108065e-01
-1.007131896424594275e-01
-3.129874166906488134e-03
1.736196096555657833e-02
3.223281817310574837e-01
2.546845519587862539e-01
-2.275642153648439470e-01
2.944942105373051788e-01
-4.125833056553886158e-02
2.839613248637800624e-01
-1.133969014842255291e-01
-2.246830538980043035e-01
2.490541946709360147e-02
7.952826883306406414e-01
-8.140102253441607039e-02
-5.695009614992846414e-01
-1.301343934808275593e-01
-1.172061516189101538e-01
-1.541481893082390642e-01
-8.378349224781523469e-03
-1.580042117775614513e-02
3.750587396653410899e-01
-8.976579776299396796e-02
-1.548042335452156359e-01
-1.330528940924601278e-01
-2.719693381167078705e-01
-7.056503290095782199e-02
3.390463598804359102e-01
5.873573051876539164e-02
4.108431832512934173e-02
3.718817822521112287e-02
-5.071790344075411544e-02
-1.423650826523296942e-01
7.158521978425681498e-01
-3.423968637188568587e-01
-1.551843601950194385e-01
-4.060626866069089735e-01
-2.482344412773012932e-01
2.273118644221802653e-01
-4.766622789807273275e-02
2.123702165465917585e-02
-1.531629287153960794e-01
-5.624162947780109861e-02
1.453658102565329457e-01
2.838949547341623313e-03
7.249373883997997127e-03
-8.290900805320033234e-03
-3.790722026910429282e-02
1.019272031648438097e-02
-3.898151584594512081e-02
-1.979997307582420651e-02
-3.647199426112029269e-02
2.448975497512577773e-02
1.234251196337986592e-02
2.149613826198493172e-02
-6.371091624625574087e-03
-3.114480136018088832e-02
-2.693420383956453626e-02
-4.524886877828039090e-03
-2.023984650806204266e-02
7.560292068828908425e-03
-3.468339738947100962e-03
4.248967516929728905e-02
3.445059616443221784e-02
-1.005416795684265473e-02
2.973019422968280895e-02
-2.252277597737834675e-02
3.050128239703519747e-02
-6.927346568530319201e-03
-1.084315228819946741e-01
-2.662604554833607542e-02
-2.170548420120767957e-02
-2.025123982736397668e-02
8.944616722328829414e-03
-4.225452901323996542e-03
-1.973789457127897093e-02
-4.317662274573617204e-02
2.458426163401431809e-03
1.033416535037070313e-03
3.824898346860992199e-02
-1.185059553722087045e-02
-9.878100368605991985e-03
6.386177858107973393e-02
-2.670380138405154327e-02
2.262892869682604780e-02
4.329215496626161175e-03
3.282412319107782528e-01
3.837811289218069355e-01
2.200081810301649510e-01
2.840153829106726868e-01
3.716530919925831178e-01
1.084319557410255430e-01
6.374900827675827886e-02
-1.431026723585787294e-02
-1.452278832758936711e-01
2.456954090742887453e-01
5.747750829802099337e-02
3.087293175319345828e-02
-2.073988347200653171e-02
-1.417228016618853337e-01
-1.199737655253781538e-01
-1.564231723321814482e-01
-8.476234890092432250e-02
-5.773409589405732040e-02
-8.209960923556045009e-02
-1.041689718719108065e-01
-1.007131896424594275e-01
-3.129874166906488134e-03
1.736196096555657833e-02
3.223281817310574837e-01
2.546845519587862539e-01
-2.275642153648439470e-01
2.944942105373051788e-01
-4.125833056553886158e-02
2.839613248637800624e-01
-1.133969014842255291e-01
-2.246830538980043035e-01
2.490541946709360147e-02
7.952826883306406414e-01
-8.140102253441607039e-02
-5.695009614992846414e-01
-1.301343934808275593e-01
-1.172061516189101538e-01
-1.541481893082390642e-01
-8.378349224781523469e-03
-1.580042117775614513e-02
3.750587396653410899e-01
-8.976579776299396796e-02
-1.548042335452156359e-01
-1.330528940924601278e-01
-2.719693381167078705e-01
-7.056503290095782199e-02
3.390463598804359102e-01
5.873573051876539164e-02
4.108431832512934173e-02
3.718817822521112287e-02
-5.071790344075411544e-02
-1.423650826523296942e-01
7.158521978425681498e-01
-3.423968637188568587e-01
-1.551843601950194385e-01
-4.060626866069089735e-01
-2.482344412773012932e-01
2.273118644221802653e-01
-4.766622789807273275e-02
2.123702165465917585e-02
-1.531629287153960794e-01
-5.624162947780109861e-02
1.453658102565329457e-01
2.838949547341623313e-03
7.249373883997997127e-03
-8.290900805320033234e-03
-3.790722026910429282e-02
1.019272031648438097e-02
-3.898151584594512081e-02
-1.979997307582420651e-02
-3.647199426112029269e-02
2.448975497512577773e-02
1.234251196337986592e-02
2.149613826198493172e-02
-6.371091624625574087e-03
-3.114480136018088832e-02
-2.693420383956453626e-02
-4.524886877828039090e-03
-2.023984650806204266e-02
7.560292068828908425e-03
-3.468339738947100962e-03
4.248967516929728905e-02
3.445059616443221784e-02
-1.005416795684265473e-02
2.973019422968280895e-02
-2.252277597737834675e-02
3.050128239703519747e-02
-6.927346568530319201e-03
-1.084315228819946741e-01
-2.662604554833607542e-02
-2.170548420120767957e-02
-2.025123982736397668e-02
8.944616722328829414e-03
-4.225452901323996542e-03
-1.973789457127897093e-02
-4.317662274573617204e-02
2.458426163401431809e-03
1.033416535037070313e-03
3.824898346860992199e-02
-1.185059553722087045e-02
-9.878100368605991985e-03
6.386177858107973393e-02
-2.670380138405154327e-02
2.262892869682604780e-02
4.329215496626161175e-03
