-1.381547954870287476e-01
-1.154058021535029621e-01
-1.253854622805218866e-01
-8.299229619845795158e-02
-1.242026750990702783e-01
-3.256613399838247797e-02
-1.853453899200255620e-02
-1.980654826126631934e-04
5.020362120862566224e-02
-7.763863281518175452e-02
-2.272379085490259729e-02
-6.018686663145728956e-03
1.173859727076445895e-03
3.619960552826231165e-02
3.571241761702730749e-02
4.460752850242436646e-02
2.081843000616365180e-02
2.477356024367121864e-02
2.114603313530393977e-02
3.596031479335791425e-02
3.326636431042941100e-02
-9.604644232783702109e-04
-5.516367235428741057e-03
-9.917602262200626850e-02
-7.273304983048102523e-02
7.369300838630023220e-02
-1.056513556917706709e-01
4.085929994849264030e-03
-8.271048559745734774e-02
3.915315721572359270e-02
7.242824981210967128e-02
-1.652604150575170960e-02
-2.452925272457843753e-01
2.118100765451215450e-02
1.735559898340943152e-01
4.735172006625668756e-02
3.236826480915217658e-02
5.225338565444820338e-02
5.518985113259248024e-03
1.020402053025310472e-02
-1.194507024942031842e-01
3.129860357087611844e-02
4.922896955186273349e-02
3.943767745099535649e-02
8.939335432215900212e-02
7.074869213367986596e-03
-1.041329986355898213e-01
-1.391707347877218885e-02
-1.572344590455792765e-02
-2.100057856698914552e-02
1.761997830907186674e-02
3.612686605927327432e-02
-2.203809868008770323e-01
1.007813695581530056e-01
4.355001460668258412e-02
1.256024300767623891e-01
8.486224340471612559e-02
-7.020089845666245554e-02
1.104513456378551639e-02
-2.363412619777325446e-03
5.102803411098966874e-02
1.630100332669223370e-02
-4.878444747328426756e-02
1.355553642586380600e-03
-3.166122911482675308e-03
-6.557789539701528760e-03
1.153251769296279906e-02
2.402630042323671626e-05
1.014714210437354588e-02
2.907159544821532379e-03
1.268094219283433764e-02
2.465091220247662106e-03
-7.482856048311797240e-04
-4.327876985189441778e-03
-2.989727919402327891e-03
1.702776989308584302e-02
7.463340952245019764e-04
6.630760231700619060e-03
9.699719888790821198e-03
-2.380467880447347667e-03
3.310614192263249943e-03
-1.204523470926586147e-02
-8.619287066448769880e-03
-1.416126114467477347e-05
-2.822111992052792756e-03
1.193701702096537122e-02
-1.084571368601064227e-02
1.086743780517256640e-02
3.151263014850538835e-02
1.136030013553497413e-02
3.887525946668709317e-03
8.790224827341229508e-03
-1.730394639424843485e-03
3.245938508349869005e-03
2.487382905405918863e-03
4.422157756853063205e-03
1.173859727076467145e-03
-6.921309833307931828e-03
2.263935892439881883e-03
-3.431297537073473079e-04
2.251460884688927418e-03
-2.443524717242860980e-02
1.820098845578709337e-02
-1.239893505653166632e-02
3.609551476418208608e-03
-1.132051952022050251e-01
-1.154058021535029621e-01
-7.904380137777032578e-02
-8.277670763850281110e-02
-1.151379116082275889e-01
-3.256613399838247797e-02
-1.853453899200255620e-02
-1.980654826126631934e-04
5.020362120862566224e-02
-7.763863281518175452e-02
-2.272379085490259729e-02
-6.018686663145728956e-03
1.173859727076445895e-03
3.619960552826231165e-02
3.571241761702730749e-02
4.460752850242436646e-02
2.081843000616365180e-02
2.477356024367121864e-02
2.114603313530393977e-02
3.596031479335791425e-02
3.326636431042941100e-02
-9.604644232783702109e-04
-5.516367235428741057e-03
-9.917602262200626850e-02
-7.273304983048102523e-02
7.369300838630023220e-02
-1.056513556917706709e-01
4.085929994849264030e-03
-8.271048559745734774e-02
3.915315721572359270e-02
7.242824981210967128e-02
-1.652604150575170960e-02
-2.452925272457843753e-01
2.118100765451215450e-02
1.735559898340943152e-01
4.735172006625668756e-02
3.236826480915217658e-02
5.225338565444820338e-02
5.518985113259248024e-03
1.020402053025310472e-02
-1.194507024942031842e-01
3.129860357087611844e-02
4.922896955186273349e-02
3.943767745099535649e-02
8.939335432215900212e-02
7.074869213367986596e-03
-1.041329986355898213e-01
-1.391707347877218885e-02
-1.572344590455792765e-02
-2.100057856698914552e-02
1.761997830907186674e-02
3.612686605927327432e-02
-2.203809868008770323e-01
1.007813695581530056e-01
4.355001460668258412e-02
1.256024300767623891e-01
8.486224340471612559e-02
-7.020089845666245554e-02
1.104513456378551639e-02
-2.363412619777325446e-03
5.102803411098966874e-02
1.630100332669223370e-02
-4.878444747328426756e-02
1.355553642586380600e-03
-3.166122911482675308e-03
-6.557789539701528760e-03
1.153251769296279906e-02
2.402630042323671626e-05
1.014714210437354588e-02
2.907159544821532379e-03
1.268094219283433764e-02
2.465091220247662106e-03
-7.482856048311797240e-04
-4.327876985189441778e-03
-2.989727919402327891e-03
1.702776989308584302e-02
7.463340952245019764e-04
6.630760231700619060e-03
9.699719888790821198e-03
-2.380467880447347667e-03
3.310614192263249943e-03
-1.204523470926586147e-02
-8.619287066448769880e-03
-1.416126114467477347e-05
-2.822111992052792756e-03
1.193701702096537122e-02
-1.084571368601064227e-02
1.086743780517256640e-02
3.151263014850538835e-02
1.136030013553497413e-02
3.887525946668709317e-03
8.790224827341229508e-03
-1.730394639424843485e-03
3.245938508349869005e-03
2.487382905405918863e-03
4.422157756853063205e-03
1.173859727076467145e-03
-6.921309833307931828e-03
2.263935892439881883e-03
-3.431297537073473079e-04
2.251460884688927418e-03
-2.443524717242860980e-02
1.820098845578709337e-02
-1.239893505653166632e-02
3.609551476418208608e-03
