2.812656091244151391e+00
1.449440610053355505e-01
2.539191377997296328e+00
-1.859191047356557325e-01
8.885799567644675490e-01
5.277545086349321596e-02
-2.483685226929291390e-02
3.247999527299259837e-02
2.023142343877762719e-02
5.402433641044420559e-02
-4.787570907307822643e-02
-2.965749359179294109e-02
-7.284030121332163432e-02
-9.506666406132787545e-03
-7.920365205954249532e-02
-7.933825563268460945e-02
-3.107078111391742975e-02
-4.762190651278565279e-02
-5.617445773931808994e-02
-1.285695648078444553e-01
-1.025800969831462128e-01
2.013339974709661348e-02
9.145747248912160926e-03
1.697936190624957375e-01
8.362365627379027277e-02
-9.326094692032517453e-02
1.154260734540027145e-01
-1.241581826401620264e-01
1.366566834301923550e-01
-3.298608907113503418e-03
-1.055395578164268350e-01
1.590202539186033950e-02
3.420552037104598320e-01
-4.153287013942187633e-02
-2.429097270886814430e-01
-6.696573272629235962e-02
-2.390479958868487950e-02
-2.201609907951272965e-03
-5.589653685641023800e-02
9.504359112548677394e-03
1.181854677429828721e-01
-1.117732303753176948e-01
-5.675990813630024667e-02
-4.681556519729538485e-02
-1.281686784949847557e-01
-1.962149059769382198e-01
7.730590721279993749e-02
6.613938673070277052e-02
4.867487526192754849e-02
3.569903325287619722e-02
-4.030263344796246316e-03
-7.494773236493814696e-03
-2.903795315457890960e-03
7.035452499366165457e-02
-7.750761742384285058e-02
-8.680394575746712416e-02
-3.411649572623945414e-02
1.216942006469320103e-01
-3.269256022206473017e-02
1.954545078342898035e-02
-2.857096279663524571e-02
1.172049351319620104e-02
2.030410544090712963e-02
1.285805356412826443e-02
4.663218566057288940e-03
-1.608824473558297108e-02
-2.335936192760708005e-02
3.742543935917086451e-02
-1.309126463329320644e-01
-7.890913295265745975e-02
-7.405405656676563274e-03
3.180427290858099665e-02
2.801247815173316634e-03
2.355993439654988433e-03
-2.063717262295978322e-02
-1.260288823141830494e-01
5.924405080404623056e-04
1.027012996894956579e-02
-5.841792069166357182e-02
2.061634142313273268e-03
1.999294077117056909e-02
-3.823502374898268569e-03
7.732242645272961214e-03
-5.854578327824522949e-02
2.376103684836828461e-02
-1.251128338208253310e-01
1.776468046860934027e-02
-6.669696842651415269e-02
-1.913091413182853306e-02
-1.085273681166887272e-01
-6.649879026411058269e-02
-9.278516463044679530e-02
1.410139229579503509e-02
-6.002270583563810644e-03
-1.294090640527655219e-02
-3.098516544250198845e-02
1.228010789745190116e-02
1.414411025919061482e-02
3.447482528537751303e-03
3.299308011342694507e-03
9.575274869442656697e-03
7.997482849587231324e-02
-2.410961557827225044e-03
3.493531246281174341e-02
4.107671675367306763e-02
-2.300779077032671260e+00
1.449440610053355505e-01
1.366609666152469871e-01
4.508436814821332739e-01
-5.644455127660005234e-01
5.277545086349321596e-02
-2.483685226929291390e-02
3.247999527299259837e-02
2.023142343877762719e-02
5.402433641044420559e-02
-4.787570907307822643e-02
-2.965749359179294109e-02
-7.284030121332163432e-02
-9.506666406132787545e-03
-7.920365205954249532e-02
-7.933825563268460945e-02
-3.107078111391742975e-02
-4.762190651278565279e-02
-5.617445773931808994e-02
-1.285695648078444553e-01
-1.025800969831462128e-01
2.013339974709661348e-02
9.145747248912160926e-03
1.697936190624957375e-01
8.362365627379027277e-02
-9.326094692032517453e-02
1.154260734540027145e-01
-1.241581826401620264e-01
1.366566834301923550e-01
-3.298608907113503418e-03
-1.055395578164268350e-01
1.590202539186033950e-02
3.420552037104598320e-01
-4.153287013942187633e-02
-2.429097270886814430e-01
-6.696573272629235962e-02
-2.390479958868487950e-02
-2.201609907951272965e-03
-5.589653685641023800e-02
9.504359112548677394e-03
1.181854677429828721e-01
-1.117732303753176948e-01
-5.675990813630024667e-02
-4.681556519729538485e-02
-1.281686784949847557e-01
-1.962149059769382198e-01
7.730590721279993749e-02
6.613938673070277052e-02
4.867487526192754849e-02
3.569903325287619722e-02
-4.030263344796246316e-03
-7.494773236493814696e-03
-2.903795315457890960e-03
7.035452499366165457e-02
-7.750761742384285058e-02
-8.680394575746712416e-02
-3.411649572623945414e-02
1.216942006469320103e-01
-3.269256022206473017e-02
1.954545078342898035e-02
-2.857096279663524571e-02
1.172049351319620104e-02
2.030410544090712963e-02
1.285805356412826443e-02
4.663218566057288940e-03
-1.608824473558297108e-02
-2.335936192760708005e-02
3.742543935917086451e-02
-1.309126463329320644e-01
-7.890913295265745975e-02
-7.405405656676563274e-03
3.180427290858099665e-02
2.801247815173316634e-03
2.355993439654988433e-03
-2.063717262295978322e-02
-1.260288823141830494e-01
5.924405080404623056e-04
1.027012996894956579e-02
-5.841792069166357182e-02
2.061634142313273268e-03
1.999294077117056909e-02
-3.823502374898268569e-03
7.732242645272961214e-03
-5.854578327824522949e-02
2.376103684836828461e-02
-1.251128338208253310e-01
1.776468046860934027e-02
-6.669696842651415269e-02
-1.913091413182853306e-02
-1.085273681166887272e-01
-6.649879026411058269e-02
-9.278516463044679530e-02
1.410139229579503509e-02
-6.002270583563810644e-03
-1.294090640527655219e-02
-3.098516544250198845e-02
1.228010789745190116e-02
1.414411025919061482e-02
3.447482528537751303e-03
3.299308011342694507e-03
9.575274869442656697e-03
7.997482849587231324e-02
-2.410961557827225044e-03
3.493531246281174341e-02
4.107671675367306763e-02
